time, RabAc, RabAm, RabBc, RabBm, RabDc, RabDm, RabCc, RabCm
0, 4249, 17750, 113038, 0, 1, 1101, 44156, 0
1, 4249, 17750, 113038, 0, 0.998227, 1101, 44156, 0
2, 4249, 17750, 113038, 0, 0.996456, 1101, 44156, 0
3, 4249.01, 17750, 113038, 0, 0.994689, 1101.01, 44156, 0
4, 4249.01, 17750, 113038, 0, 0.992925, 1101.01, 44156, 0
5, 4249.01, 17750, 113038, 0, 0.991164, 1101.01, 44156, 0
6, 4249.01, 17750, 113038, 0, 0.989406, 1101.01, 44156, 0
7, 4249.01, 17750, 113038, 0, 0.987652, 1101.01, 44156, 0
8, 4249.01, 17750, 113038, 0, 0.9859, 1101.01, 44156, 0
9, 4249.02, 17750, 113038, 0, 0.984152, 1101.02, 44156, 0
10, 4249.02, 17750, 113038, 0, 0.982406, 1101.02, 44156, 0
11, 4249.02, 17750, 113038, 0, 0.980664, 1101.02, 44156, 0
12, 4249.02, 17750, 113038, 0, 0.978925, 1101.02, 44156, 0
13, 4249.02, 17750, 113038, 0, 0.977189, 1101.02, 44156, 0
14, 4249.02, 17750, 113038, 0, 0.975456, 1101.02, 44156, 0
15, 4249.03, 17750, 113038, 0, 0.973726, 1101.03, 44156, 0
16, 4249.03, 17750, 113038, 0, 0.971999, 1101.03, 44156, 0
17, 4249.03, 17750, 113038, 0, 0.970275, 1101.03, 44156, 0
18, 4249.03, 17750, 113038, 0, 0.968554, 1101.03, 44156, 0
19, 4249.03, 17750, 113038, 0, 0.966837, 1101.03, 44156, 0
20, 4249.03, 17750, 113038, 0, 0.965122, 1101.03, 44156, 0
21, 4249.04, 17750, 113038, 0, 0.963411, 1101.04, 44156, 0
22, 4249.04, 17750, 113038, 0, 0.961702, 1101.04, 44156, 0
23, 4249.04, 17750, 113038, 0, 0.959996, 1101.04, 44156, 0
24, 4249.04, 17750, 113038, 0, 0.958294, 1101.04, 44156, 0
25, 4249.04, 17750, 113038, 0, 0.956594, 1101.04, 44156, 0
26, 4249.05, 17750, 113038, 0, 0.954898, 1101.05, 44156, 0
27, 4249.05, 17750, 113038, 0, 0.953204, 1101.05, 44156, 0
28, 4249.05, 17750, 113038, 0, 0.951514, 1101.05, 44156, 0
29, 4249.05, 17749.9, 113038, 0, 0.949826, 1101.05, 44156, 0
30, 4249.05, 17749.9, 113038, 0, 0.948142, 1101.05, 44156, 0
31, 4249.05, 17749.9, 113038, 0, 0.946461, 1101.05, 44156, 0
32, 4249.06, 17749.9, 113038, 0, 0.944782, 1101.06, 44156, 0
33, 4249.06, 17749.9, 113038, 0, 0.943107, 1101.06, 44156, 0
34, 4249.06, 17749.9, 113038, 0, 0.941434, 1101.06, 44156, 0
35, 4249.06, 17749.9, 113038, 0, 0.939765, 1101.06, 44156, 0
36, 4249.06, 17749.9, 113038, 0, 0.938098, 1101.06, 44156, 0
37, 4249.06, 17749.9, 113038, 0, 0.936435, 1101.06, 44156, 0
38, 4249.07, 17749.9, 113038, 0, 0.934774, 1101.07, 44156, 0
39, 4249.07, 17749.9, 113038, 0, 0.933117, 1101.07, 44156, 0
40, 4249.07, 17749.9, 113038, 0, 0.931462, 1101.07, 44156, 0
41, 4249.07, 17749.9, 113038, 0, 0.92981, 1101.07, 44156, 0
42, 4249.07, 17749.9, 113038, 0, 0.928161, 1101.07, 44156, 0
43, 4249.07, 17749.9, 113038, 0, 0.926515, 1101.07, 44156, 0
44, 4249.08, 17749.9, 113038, 0, 0.924872, 1101.08, 44156, 0
45, 4249.08, 17749.9, 113038, 0, 0.923232, 1101.08, 44156, 0
46, 4249.08, 17749.9, 113038, 0, 0.921595, 1101.08, 44156, 0
47, 4249.08, 17749.9, 113038, 0, 0.919961, 1101.08, 44156, 0
48, 4249.08, 17749.9, 113038, 0, 0.918329, 1101.08, 44156, 0
49, 4249.08, 17749.9, 113038, 0, 0.916701, 1101.08, 44156, 0
50, 4249.08, 17749.9, 113038, 0, 0.915075, 1101.08, 44156, 0
51, 4249.09, 17749.9, 113038, 0, 0.913452, 1101.09, 44156, 0
52, 4249.09, 17749.9, 113038, 0, 0.911833, 1101.09, 44156, 0
53, 4249.09, 17749.9, 113038, 0, 0.910216, 1101.09, 44156, 0
54, 4249.09, 17749.9, 113038, 0, 0.908601, 1101.09, 44156, 0
55, 4249.09, 17749.9, 113038, 0, 0.90699, 1101.09, 44156, 0
56, 4249.09, 17749.9, 113038, 0, 0.905382, 1101.09, 44156, 0
57, 4249.1, 17749.9, 113038, 0, 0.903776, 1101.1, 44156, 0
58, 4249.1, 17749.9, 113038, 0, 0.902173, 1101.1, 44156, 0
59, 4249.1, 17749.9, 113038, 0, 0.900573, 1101.1, 44156, 0
60, 4249.1, 17749.9, 113038, 0, 0.898976, 1101.1, 44156, 0
61, 4249.1, 17749.9, 113038, 0, 0.897382, 1101.1, 44156, 0
62, 4249.1, 17749.9, 113038, 0, 0.89579, 1101.1, 44156, 0
63, 4249.11, 17749.9, 113038, 0, 0.894202, 1101.11, 44156, 0
64, 4249.11, 17749.9, 113038, 0, 0.892616, 1101.11, 44156, 0
65, 4249.11, 17749.9, 113038, 0, 0.891033, 1101.11, 44156, 0
66, 4249.11, 17749.9, 113038, 0, 0.889453, 1101.11, 44156, 0
67, 4249.11, 17749.9, 113038, 0, 0.887876, 1101.11, 44156, 0
68, 4249.11, 17749.9, 113038, 0, 0.886301, 1101.11, 44156, 0
69, 4249.12, 17749.9, 113038, 0, 0.884729, 1101.12, 44156, 0
70, 4249.12, 17749.9, 113038, 0, 0.88316, 1101.12, 44156, 0
71, 4249.12, 17749.9, 113038, 0, 0.881594, 1101.12, 44156, 0
72, 4249.12, 17749.9, 113038, 0, 0.880031, 1101.12, 44156, 0
73, 4249.12, 17749.9, 113038, 0, 0.87847, 1101.12, 44156, 0
74, 4249.12, 17749.9, 113038, 0, 0.876912, 1101.12, 44156, 0
75, 4249.12, 17749.9, 113038, 0, 0.875357, 1101.12, 44156, 0
76, 4249.13, 17749.9, 113038, 0, 0.873805, 1101.13, 44156, 0
77, 4249.13, 17749.9, 113038, 0, 0.872255, 1101.13, 44156, 0
78, 4249.13, 17749.9, 113038, 0, 0.870708, 1101.13, 44156, 0
79, 4249.13, 17749.9, 113038, 0, 0.869164, 1101.13, 44156, 0
80, 4249.13, 17749.9, 113038, 0, 0.867623, 1101.13, 44156, 0
81, 4249.13, 17749.9, 113038, 0, 0.866084, 1101.13, 44156, 0
82, 4249.14, 17749.9, 113038, 0, 0.864548, 1101.14, 44156, 0
83, 4249.14, 17749.9, 113038, 0, 0.863015, 1101.14, 44156, 0
84, 4249.14, 17749.9, 113038, 0, 0.861484, 1101.14, 44156, 0
85, 4249.14, 17749.9, 113038, 0, 0.859957, 1101.14, 44156, 0
86, 4249.14, 17749.9, 113038, 0, 0.858431, 1101.14, 44156, 0
87, 4249.14, 17749.9, 113038, 0, 0.856909, 1101.14, 44156, 0
88, 4249.14, 17749.9, 113038, 0, 0.855389, 1101.14, 44156, 0
89, 4249.15, 17749.9, 113038, 0, 0.853873, 1101.15, 44156, 0
90, 4249.15, 17749.9, 113038, 0, 0.852358, 1101.15, 44156, 0
91, 4249.15, 17749.9, 113038, 0, 0.850847, 1101.15, 44156, 0
92, 4249.15, 17749.8, 113038, 0, 0.849338, 1101.15, 44156, 0
93, 4249.15, 17749.8, 113038, 0, 0.847832, 1101.15, 44156, 0
94, 4249.15, 17749.8, 113038, 0, 0.846328, 1101.15, 44156, 0
95, 4249.16, 17749.8, 113038, 0, 0.844827, 1101.16, 44156, 0
96, 4249.16, 17749.8, 113038, 0, 0.843329, 1101.16, 44156, 0
97, 4249.16, 17749.8, 113038, 0, 0.841833, 1101.16, 44156, 0
98, 4249.16, 17749.8, 113038, 0, 0.84034, 1101.16, 44156, 0
99, 4249.16, 17749.8, 113038, 0, 0.83885, 1101.16, 44156, 0
100, 4249.16, 17749.8, 113038, 0, 0.837363, 1101.16, 44156, 0
101, 4249.16, 17749.8, 113038, 0, 0.835878, 1101.16, 44156, 0
102, 4249.17, 17749.8, 113038, 0, 0.834395, 1101.17, 44156, 0
103, 4249.17, 17749.8, 113038, 0, 0.832916, 1101.17, 44156, 0
104, 4249.17, 17749.8, 113038, 0, 0.831438, 1101.17, 44156, 0
105, 4249.17, 17749.8, 113038, 0, 0.829964, 1101.17, 44156, 0
106, 4249.17, 17749.8, 113038, 0, 0.828492, 1101.17, 44156, 0
107, 4249.17, 17749.8, 113038, 0, 0.827023, 1101.17, 44156, 0
108, 4249.17, 17749.8, 113038, 0, 0.825556, 1101.17, 44156, 0
109, 4249.18, 17749.8, 113038, 0, 0.824092, 1101.18, 44156, 0
110, 4249.18, 17749.8, 113038, 0, 0.822631, 1101.18, 44156, 0
111, 4249.18, 17749.8, 113038, 0, 0.821172, 1101.18, 44156, 0
112, 4249.18, 17749.8, 113038, 0, 0.819716, 1101.18, 44156, 0
113, 4249.18, 17749.8, 113038, 0, 0.818262, 1101.18, 44156, 0
114, 4249.18, 17749.8, 113038, 0, 0.816811, 1101.18, 44156, 0
115, 4249.18, 17749.8, 113038, 0, 0.815362, 1101.18, 44156, 0
116, 4249.19, 17749.8, 113038, 0, 0.813916, 1101.19, 44156, 0
117, 4249.19, 17749.8, 113038, 0, 0.812473, 1101.19, 44156, 0
118, 4249.19, 17749.8, 113038, 0, 0.811032, 1101.19, 44156, 0
119, 4249.19, 17749.8, 113038, 0, 0.809594, 1101.19, 44156, 0
120, 4249.19, 17749.8, 113038, 0, 0.808158, 1101.19, 44156, 0
121, 4249.19, 17749.8, 113038, 0, 0.806725, 1101.19, 44156, 0
122, 4249.19, 17749.8, 113038, 0, 0.805294, 1101.19, 44156, 0
123, 4249.2, 17749.8, 113038, 0, 0.803866, 1101.2, 44156, 0
124, 4249.2, 17749.8, 113038, 0, 0.802441, 1101.2, 44156, 0
125, 4249.2, 17749.8, 113038, 0, 0.801018, 1101.2, 44156, 0
126, 4249.2, 17749.8, 113038, 0, 0.799597, 1101.2, 44156, 0
127, 4249.2, 17749.8, 113038, 0, 0.798179, 1101.2, 44156, 0
128, 4249.2, 17749.8, 113038, 0, 0.796763, 1101.2, 44156, 0
129, 4249.2, 17749.8, 113038, 0, 0.79535, 1101.2, 44156, 0
130, 4249.21, 17749.8, 113038, 0, 0.79394, 1101.21, 44156, 0
131, 4249.21, 17749.8, 113038, 0, 0.792532, 1101.21, 44156, 0
132, 4249.21, 17749.8, 113038, 0, 0.791127, 1101.21, 44156, 0
133, 4249.21, 17749.8, 113038, 0, 0.789724, 1101.21, 44156, 0
134, 4249.21, 17749.8, 113038, 0, 0.788323, 1101.21, 44156, 0
135, 4249.21, 17749.8, 113038, 0, 0.786925, 1101.21, 44156, 0
136, 4249.21, 17749.8, 113038, 0, 0.785529, 1101.21, 44156, 0
137, 4249.22, 17749.8, 113038, 0, 0.784136, 1101.22, 44156, 0
138, 4249.22, 17749.8, 113038, 0, 0.782746, 1101.22, 44156, 0
139, 4249.22, 17749.8, 113038, 0, 0.781358, 1101.22, 44156, 0
140, 4249.22, 17749.8, 113038, 0, 0.779972, 1101.22, 44156, 0
141, 4249.22, 17749.8, 113038, 0, 0.778589, 1101.22, 44156, 0
142, 4249.22, 17749.8, 113038, 0, 0.777208, 1101.22, 44156, 0
143, 4249.22, 17749.8, 113038, 0, 0.77583, 1101.22, 44156, 0
144, 4249.23, 17749.8, 113038, 0, 0.774454, 1101.23, 44156, 0
145, 4249.23, 17749.8, 113038, 0, 0.773081, 1101.23, 44156, 0
146, 4249.23, 17749.8, 113038, 0, 0.77171, 1101.23, 44156, 0
147, 4249.23, 17749.8, 113038, 0, 0.770341, 1101.23, 44156, 0
148, 4249.23, 17749.8, 113038, 0, 0.768975, 1101.23, 44156, 0
149, 4249.23, 17749.8, 113038, 0, 0.767611, 1101.23, 44156, 0
150, 4249.23, 17749.8, 113038, 0, 0.76625, 1101.23, 44156, 0
151, 4249.24, 17749.8, 113038, 0, 0.764891, 1101.24, 44156, 0
152, 4249.24, 17749.8, 113038, 0, 0.763535, 1101.24, 44156, 0
153, 4249.24, 17749.8, 113038, 0, 0.762181, 1101.24, 44156, 0
154, 4249.24, 17749.8, 113038, 0, 0.760829, 1101.24, 44156, 0
155, 4249.24, 17749.8, 113038, 0, 0.75948, 1101.24, 44156, 0
156, 4249.24, 17749.8, 113038, 0, 0.758133, 1101.24, 44156, 0
157, 4249.24, 17749.8, 113038, 0, 0.756788, 1101.24, 44156, 0
158, 4249.24, 17749.8, 113038, 0, 0.755446, 1101.24, 44156, 0
159, 4249.25, 17749.8, 113038, 0, 0.754106, 1101.25, 44156, 0
160, 4249.25, 17749.8, 113038, 0, 0.752769, 1101.25, 44156, 0
161, 4249.25, 17749.8, 113038, 0, 0.751434, 1101.25, 44156, 0
162, 4249.25, 17749.8, 113038, 0, 0.750102, 1101.25, 44156, 0
163, 4249.25, 17749.7, 113038, 0, 0.748771, 1101.25, 44156, 0
164, 4249.25, 17749.7, 113038, 0, 0.747444, 1101.25, 44156, 0
165, 4249.25, 17749.7, 113038, 0, 0.746118, 1101.25, 44156, 0
166, 4249.26, 17749.7, 113038, 0, 0.744795, 1101.26, 44156, 0
167, 4249.26, 17749.7, 113038, 0, 0.743474, 1101.26, 44156, 0
168, 4249.26, 17749.7, 113038, 0, 0.742156, 1101.26, 44156, 0
169, 4249.26, 17749.7, 113038, 0, 0.740839, 1101.26, 44156, 0
170, 4249.26, 17749.7, 113038, 0, 0.739526, 1101.26, 44156, 0
171, 4249.26, 17749.7, 113038, 0, 0.738214, 1101.26, 44156, 0
172, 4249.26, 17749.7, 113038, 0, 0.736905, 1101.26, 44156, 0
173, 4249.26, 17749.7, 113038, 0, 0.735598, 1101.26, 44156, 0
174, 4249.27, 17749.7, 113038, 0, 0.734294, 1101.27, 44156, 0
175, 4249.27, 17749.7, 113038, 0, 0.732991, 1101.27, 44156, 0
176, 4249.27, 17749.7, 113038, 0, 0.731692, 1101.27, 44156, 0
177, 4249.27, 17749.7, 113038, 0, 0.730394, 1101.27, 44156, 0
178, 4249.27, 17749.7, 113038, 0, 0.729099, 1101.27, 44156, 0
179, 4249.27, 17749.7, 113038, 0, 0.727806, 1101.27, 44156, 0
180, 4249.27, 17749.7, 113038, 0, 0.726515, 1101.27, 44156, 0
181, 4249.27, 17749.7, 113038, 0, 0.725227, 1101.27, 44156, 0
182, 4249.28, 17749.7, 113038, 0, 0.72394, 1101.28, 44156, 0
183, 4249.28, 17749.7, 113038, 0, 0.722657, 1101.28, 44156, 0
184, 4249.28, 17749.7, 113038, 0, 0.721375, 1101.28, 44156, 0
185, 4249.28, 17749.7, 113038, 0, 0.720096, 1101.28, 44156, 0
186, 4249.28, 17749.7, 113038, 0, 0.718819, 1101.28, 44156, 0
187, 4249.28, 17749.7, 113038, 0, 0.717544, 1101.28, 44156, 0
188, 4249.28, 17749.7, 113038, 0, 0.716271, 1101.28, 44156, 0
189, 4249.28, 17749.7, 113038, 0, 0.715001, 1101.28, 44156, 0
190, 4249.29, 17749.7, 113038, 0, 0.713733, 1101.29, 44156, 0
191, 4249.29, 17749.7, 113038, 0, 0.712468, 1101.29, 44156, 0
192, 4249.29, 17749.7, 113038, 0, 0.711204, 1101.29, 44156, 0
193, 4249.29, 17749.7, 113038, 0, 0.709943, 1101.29, 44156, 0
194, 4249.29, 17749.7, 113038, 0, 0.708684, 1101.29, 44156, 0
195, 4249.29, 17749.7, 113038, 0, 0.707427, 1101.29, 44156, 0
196, 4249.29, 17749.7, 113038, 0, 0.706172, 1101.29, 44156, 0
197, 4249.3, 17749.7, 113038, 0, 0.70492, 1101.3, 44156, 0
198, 4249.3, 17749.7, 113038, 0, 0.70367, 1101.3, 44156, 0
199, 4249.3, 17749.7, 113038, 0, 0.702422, 1101.3, 44156, 0
200, 4249.3, 17749.7, 113038, 0, 0.701176, 1101.3, 44156, 0
201, 4249.3, 17749.7, 113038, 0, 0.699933, 1101.3, 44156, 0
202, 4249.3, 17749.7, 113038, 0, 0.698692, 1101.3, 44156, 0
203, 4249.3, 17749.7, 113038, 0, 0.697453, 1101.3, 44156, 0
204, 4249.3, 17749.7, 113038, 0, 0.696216, 1101.3, 44156, 0
205, 4249.31, 17749.7, 113038, 0, 0.694981, 1101.31, 44156, 0
206, 4249.31, 17749.7, 113038, 0, 0.693749, 1101.31, 44156, 0
207, 4249.31, 17749.7, 113038, 0, 0.692518, 1101.31, 44156, 0
208, 4249.31, 17749.7, 113038, 0, 0.69129, 1101.31, 44156, 0
209, 4249.31, 17749.7, 113038, 0, 0.690064, 1101.31, 44156, 0
210, 4249.31, 17749.7, 113038, 0, 0.688841, 1101.31, 44156, 0
211, 4249.31, 17749.7, 113038, 0, 0.687619, 1101.31, 44156, 0
212, 4249.31, 17749.7, 113038, 0, 0.686399, 1101.31, 44156, 0
213, 4249.31, 17749.7, 113038, 0, 0.685182, 1101.31, 44156, 0
214, 4249.32, 17749.7, 113038, 0, 0.683967, 1101.32, 44156, 0
215, 4249.32, 17749.7, 113038, 0, 0.682754, 1101.32, 44156, 0
216, 4249.32, 17749.7, 113038, 0, 0.681543, 1101.32, 44156, 0
217, 4249.32, 17749.7, 113038, 0, 0.680335, 1101.32, 44156, 0
218, 4249.32, 17749.7, 113038, 0, 0.679128, 1101.32, 44156, 0
219, 4249.32, 17749.7, 113038, 0, 0.677924, 1101.32, 44156, 0
220, 4249.32, 17749.7, 113038, 0, 0.676722, 1101.32, 44156, 0
221, 4249.32, 17749.7, 113038, 0, 0.675521, 1101.32, 44156, 0
222, 4249.33, 17749.7, 113038, 0, 0.674324, 1101.33, 44156, 0
223, 4249.33, 17749.7, 113038, 0, 0.673128, 1101.33, 44156, 0
224, 4249.33, 17749.7, 113038, 0, 0.671934, 1101.33, 44156, 0
225, 4249.33, 17749.7, 113038, 0, 0.670742, 1101.33, 44156, 0
226, 4249.33, 17749.7, 113038, 0, 0.669553, 1101.33, 44156, 0
227, 4249.33, 17749.7, 113038, 0, 0.668365, 1101.33, 44156, 0
228, 4249.33, 17749.7, 113038, 0, 0.66718, 1101.33, 44156, 0
229, 4249.33, 17749.7, 113038, 0, 0.665997, 1101.33, 44156, 0
230, 4249.34, 17749.7, 113038, 0, 0.664816, 1101.34, 44156, 0
231, 4249.34, 17749.7, 113038, 0, 0.663637, 1101.34, 44156, 0
232, 4249.34, 17749.7, 113038, 0, 0.66246, 1101.34, 44156, 0
233, 4249.34, 17749.7, 113038, 0, 0.661285, 1101.34, 44156, 0
234, 4249.34, 17749.7, 113038, 0, 0.660112, 1101.34, 44156, 0
235, 4249.34, 17749.7, 113038, 0, 0.658942, 1101.34, 44156, 0
236, 4249.34, 17749.7, 113038, 0, 0.657773, 1101.34, 44156, 0
237, 4249.34, 17749.7, 113038, 0, 0.656607, 1101.34, 44156, 0
238, 4249.34, 17749.7, 113038, 0, 0.655442, 1101.34, 44156, 0
239, 4249.35, 17749.7, 113038, 0, 0.65428, 1101.35, 44156, 0
240, 4249.35, 17749.7, 113038, 0, 0.65312, 1101.35, 44156, 0
241, 4249.35, 17749.7, 113038, 0, 0.651961, 1101.35, 44156, 0
242, 4249.35, 17749.7, 113038, 0, 0.650805, 1101.35, 44156, 0
243, 4249.35, 17749.6, 113038, 0, 0.649651, 1101.35, 44156, 0
244, 4249.35, 17749.6, 113038, 0, 0.648499, 1101.35, 44156, 0
245, 4249.35, 17749.6, 113038, 0, 0.647349, 1101.35, 44156, 0
246, 4249.35, 17749.6, 113038, 0, 0.646201, 1101.35, 44156, 0
247, 4249.35, 17749.6, 113038, 0, 0.645055, 1101.35, 44156, 0
248, 4249.36, 17749.6, 113038, 0, 0.643911, 1101.36, 44156, 0
249, 4249.36, 17749.6, 113038, 0, 0.642769, 1101.36, 44156, 0
250, 4249.36, 17749.6, 113038, 0, 0.641629, 1101.36, 44156, 0
251, 4249.36, 17749.6, 113038, 0, 0.640491, 1101.36, 44156, 0
252, 4249.36, 17749.6, 113038, 0, 0.639356, 1101.36, 44156, 0
253, 4249.36, 17749.6, 113038, 0, 0.638222, 1101.36, 44156, 0
254, 4249.36, 17749.6, 113038, 0, 0.63709, 1101.36, 44156, 0
255, 4249.36, 17749.6, 113038, 0, 0.63596, 1101.36, 44156, 0
256, 4249.37, 17749.6, 113038, 0, 0.634832, 1101.37, 44156, 0
257, 4249.37, 17749.6, 113038, 0, 0.633707, 1101.37, 44156, 0
258, 4249.37, 17749.6, 113038, 0, 0.632583, 1101.37, 44156, 0
259, 4249.37, 17749.6, 113038, 0, 0.631461, 1101.37, 44156, 0
260, 4249.37, 17749.6, 113038, 0, 0.630341, 1101.37, 44156, 0
261, 4249.37, 17749.6, 113038, 0, 0.629223, 1101.37, 44156, 0
262, 4249.37, 17749.6, 113038, 0, 0.628107, 1101.37, 44156, 0
263, 4249.37, 17749.6, 113038, 0, 0.626994, 1101.37, 44156, 0
264, 4249.37, 17749.6, 113038, 0, 0.625882, 1101.37, 44156, 0
265, 4249.38, 17749.6, 113038, 0, 0.624772, 1101.38, 44156, 0
266, 4249.38, 17749.6, 113038, 0, 0.623664, 1101.38, 44156, 0
267, 4249.38, 17749.6, 113038, 0, 0.622558, 1101.38, 44156, 0
268, 4249.38, 17749.6, 113038, 0, 0.621454, 1101.38, 44156, 0
269, 4249.38, 17749.6, 113038, 0, 0.620352, 1101.38, 44156, 0
270, 4249.38, 17749.6, 113038, 0, 0.619251, 1101.38, 44156, 0
271, 4249.38, 17749.6, 113038, 0, 0.618153, 1101.38, 44156, 0
272, 4249.38, 17749.6, 113038, 0, 0.617057, 1101.38, 44156, 0
273, 4249.38, 17749.6, 113038, 0, 0.615963, 1101.38, 44156, 0
274, 4249.39, 17749.6, 113038, 0, 0.61487, 1101.39, 44156, 0
275, 4249.39, 17749.6, 113038, 0, 0.61378, 1101.39, 44156, 0
276, 4249.39, 17749.6, 113038, 0, 0.612692, 1101.39, 44156, 0
277, 4249.39, 17749.6, 113038, 0, 0.611605, 1101.39, 44156, 0
278, 4249.39, 17749.6, 113038, 0, 0.61052, 1101.39, 44156, 0
279, 4249.39, 17749.6, 113038, 0, 0.609438, 1101.39, 44156, 0
280, 4249.39, 17749.6, 113038, 0, 0.608357, 1101.39, 44156, 0
281, 4249.39, 17749.6, 113038, 0, 0.607278, 1101.39, 44156, 0
282, 4249.39, 17749.6, 113038, 0, 0.606201, 1101.39, 44156, 0
283, 4249.39, 17749.6, 113038, 0, 0.605126, 1101.39, 44156, 0
284, 4249.4, 17749.6, 113038, 0, 0.604053, 1101.4, 44156, 0
285, 4249.4, 17749.6, 113038, 0, 0.602982, 1101.4, 44156, 0
286, 4249.4, 17749.6, 113038, 0, 0.601913, 1101.4, 44156, 0
287, 4249.4, 17749.6, 113038, 0, 0.600845, 1101.4, 44156, 0
288, 4249.4, 17749.6, 113038, 0, 0.59978, 1101.4, 44156, 0
289, 4249.4, 17749.6, 113038, 0, 0.598716, 1101.4, 44156, 0
290, 4249.4, 17749.6, 113038, 0, 0.597654, 1101.4, 44156, 0
291, 4249.4, 17749.6, 113038, 0, 0.596594, 1101.4, 44156, 0
292, 4249.4, 17749.6, 113038, 0, 0.595536, 1101.4, 44156, 0
293, 4249.41, 17749.6, 113038, 0, 0.59448, 1101.41, 44156, 0
294, 4249.41, 17749.6, 113038, 0, 0.593426, 1101.41, 44156, 0
295, 4249.41, 17749.6, 113038, 0, 0.592374, 1101.41, 44156, 0
296, 4249.41, 17749.6, 113038, 0, 0.591323, 1101.41, 44156, 0
297, 4249.41, 17749.6, 113038, 0, 0.590274, 1101.41, 44156, 0
298, 4249.41, 17749.6, 113038, 0, 0.589228, 1101.41, 44156, 0
299, 4249.41, 17749.6, 113038, 0, 0.588183, 1101.41, 44156, 0
300, 4249.41, 17749.6, 113038, 0, 0.58714, 1101.41, 44156, 0
301, 4249.41, 17749.6, 113038, 0, 0.586098, 1101.41, 44156, 0
302, 4249.41, 17749.6, 113038, 0, 0.585059, 1101.41, 44156, 0
303, 4249.42, 17749.6, 113038, 0, 0.584021, 1101.42, 44156, 0
304, 4249.42, 17749.6, 113038, 0, 0.582986, 1101.42, 44156, 0
305, 4249.42, 17749.6, 113038, 0, 0.581952, 1101.42, 44156, 0
306, 4249.42, 17749.6, 113038, 0, 0.58092, 1101.42, 44156, 0
307, 4249.42, 17749.6, 113038, 0, 0.57989, 1101.42, 44156, 0
308, 4249.42, 17749.6, 113038, 0, 0.578861, 1101.42, 44156, 0
309, 4249.42, 17749.6, 113038, 0, 0.577835, 1101.42, 44156, 0
310, 4249.42, 17749.6, 113038, 0, 0.57681, 1101.42, 44156, 0
311, 4249.42, 17749.6, 113038, 0, 0.575787, 1101.42, 44156, 0
312, 4249.43, 17749.6, 113038, 0, 0.574766, 1101.43, 44156, 0
313, 4249.43, 17749.6, 113038, 0, 0.573747, 1101.43, 44156, 0
314, 4249.43, 17749.6, 113038, 0, 0.572729, 1101.43, 44156, 0
315, 4249.43, 17749.6, 113038, 0, 0.571714, 1101.43, 44156, 0
316, 4249.43, 17749.6, 113038, 0, 0.5707, 1101.43, 44156, 0
317, 4249.43, 17749.6, 113038, 0, 0.569688, 1101.43, 44156, 0
318, 4249.43, 17749.6, 113038, 0, 0.568677, 1101.43, 44156, 0
319, 4249.43, 17749.6, 113038, 0, 0.567669, 1101.43, 44156, 0
320, 4249.43, 17749.6, 113038, 0, 0.566662, 1101.43, 44156, 0
321, 4249.43, 17749.6, 113038, 0, 0.565657, 1101.43, 44156, 0
322, 4249.44, 17749.6, 113038, 0, 0.564654, 1101.44, 44156, 0
323, 4249.44, 17749.6, 113038, 0, 0.563653, 1101.44, 44156, 0
324, 4249.44, 17749.6, 113038, 0, 0.562653, 1101.44, 44156, 0
325, 4249.44, 17749.6, 113038, 0, 0.561655, 1101.44, 44156, 0
326, 4249.44, 17749.6, 113038, 0, 0.560659, 1101.44, 44156, 0
327, 4249.44, 17749.6, 113038, 0, 0.559665, 1101.44, 44156, 0
328, 4249.44, 17749.6, 113038, 0, 0.558673, 1101.44, 44156, 0
329, 4249.44, 17749.6, 113038, 0, 0.557682, 1101.44, 44156, 0
330, 4249.44, 17749.6, 113038, 0, 0.556693, 1101.44, 44156, 0
331, 4249.44, 17749.6, 113038, 0, 0.555706, 1101.44, 44156, 0
332, 4249.45, 17749.6, 113038, 0, 0.55472, 1101.45, 44156, 0
333, 4249.45, 17749.6, 113038, 0, 0.553737, 1101.45, 44156, 0
334, 4249.45, 17749.6, 113038, 0, 0.552755, 1101.45, 44156, 0
335, 4249.45, 17749.6, 113038, 0, 0.551774, 1101.45, 44156, 0
336, 4249.45, 17749.6, 113038, 0, 0.550796, 1101.45, 44156, 0
337, 4249.45, 17749.5, 113038, 0, 0.549819, 1101.45, 44156, 0
338, 4249.45, 17749.5, 113038, 0, 0.548844, 1101.45, 44156, 0
339, 4249.45, 17749.5, 113038, 0, 0.547871, 1101.45, 44156, 0
340, 4249.45, 17749.5, 113038, 0, 0.546899, 1101.45, 44156, 0
341, 4249.45, 17749.5, 113038, 0, 0.545929, 1101.45, 44156, 0
342, 4249.46, 17749.5, 113038, 0, 0.544961, 1101.46, 44156, 0
343, 4249.46, 17749.5, 113038, 0, 0.543995, 1101.46, 44156, 0
344, 4249.46, 17749.5, 113038, 0, 0.54303, 1101.46, 44156, 0
345, 4249.46, 17749.5, 113038, 0, 0.542067, 1101.46, 44156, 0
346, 4249.46, 17749.5, 113038, 0, 0.541106, 1101.46, 44156, 0
347, 4249.46, 17749.5, 113038, 0, 0.540146, 1101.46, 44156, 0
348, 4249.46, 17749.5, 113038, 0, 0.539188, 1101.46, 44156, 0
349, 4249.46, 17749.5, 113038, 0, 0.538232, 1101.46, 44156, 0
350, 4249.46, 17749.5, 113038, 0, 0.537278, 1101.46, 44156, 0
351, 4249.46, 17749.5, 113038, 0, 0.536325, 1101.46, 44156, 0
352, 4249.46, 17749.5, 113038, 0, 0.535374, 1101.46, 44156, 0
353, 4249.47, 17749.5, 113038, 0, 0.534424, 1101.47, 44156, 0
354, 4249.47, 17749.5, 113038, 0, 0.533476, 1101.47, 44156, 0
355, 4249.47, 17749.5, 113038, 0, 0.53253, 1101.47, 44156, 0
356, 4249.47, 17749.5, 113038, 0, 0.531586, 1101.47, 44156, 0
357, 4249.47, 17749.5, 113038, 0, 0.530643, 1101.47, 44156, 0
358, 4249.47, 17749.5, 113038, 0, 0.529702, 1101.47, 44156, 0
359, 4249.47, 17749.5, 113038, 0, 0.528763, 1101.47, 44156, 0
360, 4249.47, 17749.5, 113038, 0, 0.527825, 1101.47, 44156, 0
361, 4249.47, 17749.5, 113038, 0, 0.526889, 1101.47, 44156, 0
362, 4249.47, 17749.5, 113038, 0, 0.525955, 1101.47, 44156, 0
363, 4249.47, 17749.5, 113038, 0, 0.525022, 1101.47, 44156, 0
364, 4249.48, 17749.5, 113038, 0, 0.524091, 1101.48, 44156, 0
365, 4249.48, 17749.5, 113038, 0, 0.523162, 1101.48, 44156, 0
366, 4249.48, 17749.5, 113038, 0, 0.522234, 1101.48, 44156, 0
367, 4249.48, 17749.5, 113038, 0, 0.521308, 1101.48, 44156, 0
368, 4249.48, 17749.5, 113038, 0, 0.520383, 1101.48, 44156, 0
369, 4249.48, 17749.5, 113038, 0, 0.51946, 1101.48, 44156, 0
370, 4249.48, 17749.5, 113038, 0, 0.518539, 1101.48, 44156, 0
371, 4249.48, 17749.5, 113038, 0, 0.51762, 1101.48, 44156, 0
372, 4249.48, 17749.5, 113038, 0, 0.516702, 1101.48, 44156, 0
373, 4249.48, 17749.5, 113038, 0, 0.515785, 1101.48, 44156, 0
374, 4249.49, 17749.5, 113038, 0, 0.514871, 1101.49, 44156, 0
375, 4249.49, 17749.5, 113038, 0, 0.513958, 1101.49, 44156, 0
376, 4249.49, 17749.5, 113038, 0, 0.513046, 1101.49, 44156, 0
377, 4249.49, 17749.5, 113038, 0, 0.512136, 1101.49, 44156, 0
378, 4249.49, 17749.5, 113038, 0, 0.511228, 1101.49, 44156, 0
379, 4249.49, 17749.5, 113038, 0, 0.510322, 1101.49, 44156, 0
380, 4249.49, 17749.5, 113038, 0, 0.509417, 1101.49, 44156, 0
381, 4249.49, 17749.5, 113038, 0, 0.508513, 1101.49, 44156, 0
382, 4249.49, 17749.5, 113038, 0, 0.507611, 1101.49, 44156, 0
383, 4249.49, 17749.5, 113038, 0, 0.506711, 1101.49, 44156, 0
384, 4249.49, 17749.5, 113038, 0, 0.505813, 1101.49, 44156, 0
385, 4249.5, 17749.5, 113038, 0, 0.504916, 1101.5, 44156, 0
386, 4249.5, 17749.5, 113038, 0, 0.50402, 1101.5, 44156, 0
387, 4249.5, 17749.5, 113038, 0, 0.503126, 1101.5, 44156, 0
388, 4249.5, 17749.5, 113038, 0, 0.502234, 1101.5, 44156, 0
389, 4249.5, 17749.5, 113038, 0, 0.501343, 1101.5, 44156, 0
390, 4249.5, 17749.5, 113038, 0, 0.500454, 1101.5, 44156, 0
391, 4249.5, 17749.5, 113038, 0, 0.499567, 1101.5, 44156, 0
392, 4249.5, 17749.5, 113038, 0, 0.498681, 1101.5, 44156, 0
393, 4249.5, 17749.5, 113038, 0, 0.497797, 1101.5, 44156, 0
394, 4249.5, 17749.5, 113038, 0, 0.496914, 1101.5, 44156, 0
395, 4249.5, 17749.5, 113038, 0, 0.496033, 1101.5, 44156, 0
396, 4249.5, 17749.5, 113038, 0, 0.495153, 1101.5, 44156, 0
397, 4249.51, 17749.5, 113038, 0, 0.494275, 1101.51, 44156, 0
398, 4249.51, 17749.5, 113038, 0, 0.493398, 1101.51, 44156, 0
399, 4249.51, 17749.5, 113038, 0, 0.492523, 1101.51, 44156, 0
400, 4249.51, 17749.5, 113038, 0, 0.49165, 1101.51, 44156, 0
